1008015020587412
1049592420587412
1050848011385711
10508515
10545614
105730077550229
106159587716548
1067729910995508
10802647
10807272
10814716
109109137984443
109463599452024
109955128968741
110615289024270
11161805
1119610511476670
11222804
11232563
1123945317436244
1126392810571952
1129837210447259
11310633
11335693
11354824
1140833710577908
1143820611093276
1146223822921432
11528394
1156085320530761
11567216
11668216
11704758
1172911411968083
1175411216736291
11831930
11836498
1191403511161836
11914398
11959162
11992264
12325078
12374763
12398840
12402271
12404106
12444570
12499492
1254122018181215
1255255910330348
126241418571956
12640453
12664304
12707859
12707948
12743249
12810002
12854741
12882686
12891677
12924719
14566705
14584883
14608649
146239349887330
1463392322174939
1463510120587412
14642111
1468097811181649
1468097811406611
1472292318449911
14755725
149994998827518
15024693
15048902
15079030
15079037
15108212
15121777
15136673
15136690
15146436
15176995
15192832
15258227
152841227579347
153008538990002
1530779615300854
15334515
15338462
153514221549596
1536599615300854
15502825
15505184
15516980
1556389223283745
15626740
15638861
15657873
15670229
1572641823239986
15728306
15888479
1598124321494555
16041584
1611514212065746
1612340114611946
16194214
1621770515673802
16222683
16227522
1623456411815963
162706488091381
16321204
1641109310330348
165156320685668
1652572416705692
16534121
16642017
16691592
1671269521274015
16754686
1676296310839884
16769843
1677079111257468
167707919410897
16813535
1683589710712197
16864840
16888290
16952472
16983571
1699594012200596
17043900
17097025
17120186
17129171
17156077
17186471
17262171
17270534
1729690314517951
17296918
17334708
17394244
17394247
17397049
1741858717627385
174270317694727
17527005
17562932
17617514
17646634
17696120
176994519734597
17853490
17886119
1792433112624152
1804103123222849
18073311
18157832
18175340
1819952820685668
18203193
18205193
1829566317116488
1831759716708387
1832332416679490
18340402
18362280
18380023
183833128566964
18383588
18383589
18383590
18383591
18383593
18383594
18383596
18383597
18428203
18438890
18445675
184599501873221
18462727
184803019632163
184846669463322
1856691511208710
18581468
18690219
1872691816704447
1881395116460646
18830232
18834968
18928219
1902968817026565
19058226
1906153423283745
190655198401539
19066193
19067022
19072571
19081669
19085907
19092252
19099113
19158808
19184323
19257822
19330033
1935358819676060
1941941618561205
19422034
19454328
1946083714669009
1947342316972227
194734231924291
194861709157576
19506109
19525021
19584136
1961721616465621
19625339
19683902
1969155012655570
1973277518515411
1977640120004785
1978168218384426
19795179
1981787916786531
19856252
1993760117041906
1993760118652600
1995979511039581
2000246116412675
2003160219659763
20142617
2017311512969986
2017578816941474
20200946
2022303919196998
20306072
2037140011133775
2037882111223851
204123708481408
2048544718652600
20499339
20547126
20689144
20800530
2080952520145306
2081701724752249
2088129424083357
2088477422921432
2088663819293843
2093228312124993
2095237920635367
209602289150172
21044902
21061302
21073987
2110843621208904
21115745
2112094318424508
2119467512786840
2121337010804288
21234903
2124831816825436
21248739
21267590
214043299649554
2144856010504458
21484434
2154206019293843
21560189
2164268210480359
2164268210734316
2164268218561205
216442179215749
21676421
2170290712034536
218328358755917
2183885617311297
2191169717483490
2193410512960223
22026499
22065930
22084127
22095789
2211341722325833
22131272
2213298220544509
221340999246006
2215560610543400
2215560610712197
22224849
22285377
2229291119320745
22312164
2236717020950398
2238369210541293
2252141922521418
2252601823486992
22543779
22639970
2268505512702809
2276215012601471
2276215021769658
2277607219959795
2278380522529288
22789636
2292143220378821
229214328940267
22926851
2294937912200596
22972638
2297676817458871
22992991
2299897821722902
23029363
2305371821562927
23065719
2310813817924331
2315452319282774
23200864
2321069617924331
232158333401592
2322633822975204
23284065
23303844
2332638611287370
23342068
23365103
2336510317230465
23417734
2341828722335739
234309182071149
235163137951242
23561547
2356298223990876
23622117
2365634924711935
23677909
23687348
2370487923983145
2371180823283745
23756445
2375864316199547
23781969
23804563
23806994
2380941121689372
23812289
2383014719436109
23846529
23942205
2396720224164807
2397587522335739
2400152510480349
24026681
24034083
240369528613545
24100632
2412379221907147
24138988
24169930
24183449
24210384
243758318091381
243758318680410
24433314
24434814
2446350717616409
246134819554750
24634632
24705253
75502258659544
75579631531140
755796521184155
79370528091381
79370528594556
79743778400292
798738714679123
801458211181744
82615158062247
830123023685560
84553728940267
871090621150883
886315919293843
894109319293843
905493412192456
906089223283745
92601598695804
92663808830188
94010039399842
944386610330348
94438669682216
945212120491539
94843879177267
95215817795583
95453989106525
